4
Amalie Amundsen
11111111 Anders Aschimsgate 1, 1111 Arendal
3
200301 2  4 11
200302 4  8 12
200303 6 12 13
Barbro Berntsen
22222222 Birger Blomsvei 2, 2222 Bergen
4
200301 2  4 21
200302 4  8 22
200303 6 12 23
200304 8 16 24
Caroline Carlsen
33333333 Camilla Colletsvei 3, 3333 Charlottenlund
5
200311 2  4 31
200312 4  8 32
200313 6 12 33
200314 8 16 34
200315 10 20 35
David Dale
44444444 Dagny Duesgate 4, 4444 Drammen
6
200321 2  4 41
200322 4  8 42
200323 6 12 43
200324 8 16 44
200325 10 20 45
200326 12 22 46
