     1     2     8     1     0
     2     5     5     1    18
     3     3     5     1     5
     4     2     8     1    11
     5     1     3     1    16
     6     2     5     1    13
     7     3     3     1    16
     8     4    16     1     6
     9     2    19     1    12
    10     3    20     1    14
    11     4    12     1    13
    12     4     5     1    11
    13     4     9     1     4
    14     3    18     1    19
    15     4     2     1    18
    16     2    16     0     0
    17     3     9     1     0
    18     3     5     1     6
    19     1    11     1    10
    20     1     7     1    13
    21     4    10     1     4
    22     5    17     0     0
    23     2    17     1     8
    24     5    20     1     3
    25     3    19     1     2
    26     5     2     1    15
    27     5    19     1    10
    28     3     7     1     6
    29     2     6     1    12
    30     1    10     1    13
    31     3    13     1    10
    32     2    17     1     7
    33     1    15     1    12
    34     1    11     1     4
    35     2    11     1    11
    36     3    18     1     7
    37     4     4     1     9
    38     5    19     1     8
    39     3     7     1    10
    40     4     9     0     0
    41     2     3     1    10
    42     5     5     1     8
    43     4    16     1     2
    44     1    12     1    14
    45     1    17     1     8
    46     5     9     1     1
    47     5    14     1    18
    48     4     1     1     7
    49     3     9     1     8
    50     4     8     1    10
    51     3    14     1     9
    52     2    16     1     0
    53     5    20     1    18
    54     4     5     1     4
    55     5    10     1    15
    56     1    14     1     3
    57     3    15     1     8
    58     1    19     1     0
    59     2    19     1     9
    60     4    10     1    12
    61     3    19     1    18
    62     5    11     1    18
    63     2    16     1    16
    64     2     3     1    12
    65     1     9     1     2
    66     2    16     1     9
    67     3     5     1     1
    68     4     3     1     1
    69     5    18     1    12
    70     5    16     1     0
    71     1     4     1     1
    72     4     2     1    15
    73     4     3     1     2
    74     1     9     1    17
    75     3    13     1     9
    76     5     2     1    16
    77     5     9     1     5
    78     1    15     1     1
    79     3     6     0     0
    80     4    14     1     3
    81     5    17     1     9
    82     5    18     1     9
    83     4    16     1    16
    84     2     6     1     2
    85     1    15     1     1
    86     2    12     1     3
    87     4    16     1    13
    88     3     9     1     5
    89     4    17     1    18
    90     2     3     1     4
    91     2     3     1     1
    92     1    11     1     6
    93     5    20     1    19
    94     4     5     1    10
    95     1    10     1    13
    96     5     3     1    18
    97     3     6     1    11
    98     3     6     1    14
    99     5     5     1    14
   100     3    20     1    10
   101     3    18     1    17
   102     4    11     1     8
   103     3     6     1     0
   104     4     8     1    19
   105     3     6     1     4
   106     4    13     1     1
   107     4    13     1    13
   108     1    12     1     2
   109     3     7     1     0
   110     3     1     1    14
   111     1    11     1    13
   112     2     1     1     7
   113     1    11     0     0
   114     5    16     1    19
   115     1    17     1    18
   116     3    12     1    18
   117     4    12     1    18
   118     5    20     1     0
   119     3     1     1    10
   120     3    11     1    16
   121     3     4     1     4
   122     5     3     1     5
   123     3    18     1     5
   124     3    10     1     3
   125     1     3     1     3
   126     2    18     1    15
   127     1     5     0     0
   128     3    17     0     0
   129     2    12     1    11
   130     3    14     0     0
   131     1     5     1     3
   132     1    12     1     9
   133     1    14     1    18
   134     1     8     1     0
   135     4    20     1     0
   136     3     5     1     8
   137     4     8     1    10
   138     1     9     1     4
   139     1     1     1     4
   140     1    17     1    10
   141     4     6     1    16
   142     2    18     1    17
   143     3    12     1     1
   144     2     3     1    12
   145     3    17     1     1
   146     4    10     1     5
   147     5    13     1    15
   148     4     3     1    14
   149     5    13     1     9
   150     3     4     1     3
   151     2    16     1     8
   152     1    19     1     2
   153     5    12     1    15
   154     5     6     1    10
   155     2    15     1     3
   156     1    19     1     1
   157     4    15     1    14
   158     2    14     1     5
   159     3     9     1     0
   160     4     2     1    15
   161     3     3     1    17
   162     5    19     1     3
   163     2    14     0     0
   164     4    16     1    18
   165     1    18     1    12
   166     1    10     1     0
   167     4     6     0     0
   168     3    10     0     0
   169     1    14     1    11
   170     1     5     1    15
   171     5    13     1     4
   172     2     4     1    15
   173     4    13     1     9
   174     2     2     1     7
   175     2    10     0     0
   176     4    15     1    17
   177     1     4     1    12
   178     5     2     1    19
   179     1     9     1     4
   180     1     7     1    10
   181     3     8     1     3
   182     2     4     1     3
   183     1    12     1     0
   184     5     3     1    13
   185     2     5     1    12
   186     1     6     1    19
   187     4     3     1     7
   188     5     9     1     4
   189     4    16     1    12
   190     2    19     1     2
   191     5     6     1     4
   192     1     1     1     8
   193     4    11     1     3
   194     3    13     1     7
   195     1     4     1     3
   196     4     8     0     0
   197     5    16     1     8
   198     4     8     1     3
   199     3    10     1     9
   200     2     9     1     8
   201     1     2     1    14
   202     4     7     0     0
   203     5     4     0     0
   204     1     9     1    16
   205     4    16     1     5
   206     4    14     1     4
   207     4     4     1    17
   208     2     5     1    18
   209     2    12     1    15
   210     2    10     1     4
   211     1     5     1    15
   212     4     3     1     8
   213     3     7     1    13
   214     5     5     1     6
   215     3    16     1     5
   216     2    17     1    14
   217     5    17     1    16
   218     4     3     1    15
   219     2    11     1     5
   220     2    18     1    10
   221     1     3     1    13
   222     4    17     1     8
   223     3    14     1     3
   224     5     4     1     8
   225     5    18     1     9
   226     4     1     0     0
   227     4    19     0     0
   228     1     2     1     3
   229     2     4     1     2
   230     2    10     1     2
   231     4    15     0     0
   232     3     4     1     9
   233     4    20     1    19
   234     2     4     1     1
   235     5    13     1    13
   236     4    10     1    18
   237     3    11     1    14
   238     4     2     1    13
   239     1    10     1     9
   240     4     1     1     4
   241     3    16     1    15
   242     1    20     1     8
   243     3    15     1    10
   244     5    15     0     0
   245     1    12     1    15
   246     5    11     1    13
   247     4    18     1    16
   248     5    14     1     1
   249     1     4     1     8
   250     5    19     0     0
   251     2     6     1    11
   252     4     8     1    15
   253     4     6     1     9
   254     1    19     1    13
   255     2     1     1     9
   256     3     9     1     4
   257     2     6     1    16
   258     2     7     1     7
   259     2     5     0     0
   260     2     2     1     1
   261     5    10     1     2
   262     4     5     1     5
   263     3     4     1     6
   264     4    19     1     7
   265     3     2     1    16
   266     1    15     1     4
   267     2    11     1    16
   268     3    15     1     8
   269     4    12     1    11
   270     5    20     1     2
   271     5    16     1     9
   272     5    19     1    18
   273     2    20     1     6
   274     2     3     1    18
   275     3     7     1    17
   276     1     8     1     2
   277     3    19     0     0
   278     3     1     1    19
   279     3     9     1     0
   280     1    16     1     7
   281     2    18     1    17
   282     4    12     1    10
   283     5     6     1     9
   284     1     1     0     0
   285     3     3     1    15
   286     3     2     1    18
   287     2    15     1     8
   288     5    19     1    15
   289     1     2     1    15
   290     4    15     0     0
   291     1     5     1     2
   292     2     5     1     9
   293     1     4     0     0
   294     4     6     0     0
   295     3    17     1    18
   296     4    17     1     4
   297     2    10     1     5
   298     3     5     1     3
   299     5    11     1     8
   300     2     6     1    13
   301     3    15     1     6
   302     2    13     1     0
   303     5    20     1    11
   304     2    10     1     5
   305     1     6     1    10
   306     1    10     1     6
   307     4    15     1     0
   308     1    14     1     1
   309     3     9     1    11
   310     4     7     0     0
   311     3    15     1    10
   312     3     3     1    15
   313     5    15     1     2
   314     1     1     1    12
   315     2     3     1    17
   316     5     6     1    14
   317     1     4     1     1
   318     3    13     1     8
   319     3     3     1     8
   320     1     9     1    19
   321     5     5     1    19
   322     4     6     1     6
   323     1     8     1     7
   324     3    17     1     7
   325     2     4     1    11
   326     2     4     1     3
   327     3    19     1     0
   328     2     3     1    10
   329     1     5     1    17
   330     5     4     1    17
   331     4     9     1    16
   332     4     9     1     6
   333     2    18     1     3
   334     3     9     1     8
   335     1    19     1     3
   336     4     2     0     0
   337     4    12     0     0
   338     5    13     1     9
   339     2     6     1    13
   340     4    15     1    12
   341     1     2     1    17
   342     3    11     1     4
   343     2    11     1    17
   344     4    20     1     9
   345     3     3     0     0
   346     3    19     1     7
   347     1     9     1    18
   348     4     1     1     6
   349     3    11     1     8
   350     5     2     1     3
   351     3     6     1     1
   352     3    11     1    18
   353     4     2     1    16
   354     3    19     1    15
   355     1    16     1     6
   356     4     1     0     0
   357     4     9     1    13
   358     1     7     1    10
   359     5    18     1     2
   360     4    13     1     4
   361     5     9     1     7
   362     3    16     1     4
   363     3     4     1    15
   364     2    10     0     0
   365     3     9     1    11
   366     5    14     1     0
   367     5    11     1    19
   368     1    19     1     4
   369     1     8     1     5
   370     4    19     1    13
   371     3    12     0     0
   372     5     1     1     5
   373     5     1     1    11
   374     3    11     1    18
   375     5    12     1    13
   376     4     1     1     6
   377     2    11     1    18
   378     5    19     1    19
   379     5     5     1     0
   380     4     8     1    17
   381     4    11     1    16
   382     5     3     1    19
   383     2    17     0     0
   384     4     4     1    12
   385     3     2     1    13
   386     3    17     0     0
   387     1     5     1    16
   388     1    19     1     7
   389     5     1     1     6
   390     1     2     1     9
   391     4    19     1     1
   392     1    17     1    18
   393     4    20     1    17
   394     1     8     1     1
   395     1    19     1    13
   396     5     5     1    13
   397     4    13     1     9
   398     5     9     1    11
   399     4     3     1    11
   400     2     5     1    17
   401     3    10     1    14
   402     2    10     1     6
   403     4    12     1     9
   404     3     1     1    16
   405     2     8     1     2
   406     1     4     1     0
   407     3     6     1    13
   408     2    19     1    18
   409     1    12     1     5
   410     1    16     1    10
   411     5    14     1    14
   412     3     8     1    16
   413     3     3     1    10
   414     2    12     1     5
   415     5     2     1    11
   416     3     9     1    16
   417     5    10     1     6
   418     2    16     1    14
   419     1    14     1     8
   420     4     2     1     2
   421     1    18     1    12
   422     2    17     1     1
   423     1     8     1    18
   424     1    17     1    19
   425     4    15     1     2
   426     1     4     1    13
   427     3     8     0     0
   428     2    19     0     0
   429     2     2     1    15
   430     4    17     1     1
   431     1    14     1    10
   432     4     2     1    19
   433     1     4     1    12
   434     5     2     1    16
   435     2     8     0     0
   436     2     6     1    12
   437     5     1     1    11
   438     4    14     1    18
   439     4     7     1     6
   440     2    18     0     0
   441     5    10     1     9
   442     5    10     1    17
   443     1     7     1     8
   444     2     9     1    18
   445     1    20     1     6
   446     5     1     0     0
   447     2    14     1     5
   448     4     1     1     7
   449     3     5     1     7
   450     1     8     1    11
   451     3    12     1    13
   452     1    18     1     4
   453     3     7     1     2
   454     4     1     1    17
   455     4     9     1     9
   456     3     2     1     4
   457     3     2     1    17
   458     2     3     1     5
   459     4     5     1    15
   460     1     2     1     1
   461     3     7     1     3
   462     4     1     0     0
   463     4    12     1     8
   464     2    17     1     8
   465     1    12     1    19
   466     4    20     1    16
   467     1     6     1     0
   468     1     1     1    15
   469     1    12     1    19
   470     2     3     1     5
   471     1    16     1     5
   472     3     1     1    17
   473     3     9     0     0
   474     1    17     1    13
   475     1     7     1    13
   476     3     1     1    12
   477     1     8     1     6
   478     2     9     1     8
   479     1    17     1     9
   480     3    17     1     2
   481     4     3     1     2
   482     3     9     1     8
   483     3    15     0     0
   484     1    16     1     9
   485     1     4     0     0
   486     5    20     1    11
   487     2     2     1    13
   488     4    10     1     2
   489     4     4     0     0
   490     5    19     1     3
   491     5    13     1     9
   492     1     6     1    14
   493     3     7     1     3
   494     1    20     0     0
   495     4    11     1     5
   496     2    11     1     9
   497     1    19     1     6
   498     3    16     1    16
   499     4     9     1    19
   500     4    11     1     5
   501     2     6     1     7
   502     5    15     1    17
   503     4     6     1    18
   504     4     5     1     3
   505     4     5     1     3
   506     1     5     1     7
   507     3    13     1     3
   508     2     4     1     5
   509     2     6     0     0
   510     1     2     1    12
   511     2    16     1    13
   512     4    20     1     8
   513     5     3     1     5
   514     4     5     0     0
   515     5    15     1     3
   516     1    19     1     1
   517     1    14     1    14
   518     1     7     1     5
   519     1    17     0     0
   520     5    19     1    15
   521     3    10     0     0
   522     5     9     1    14
   523     1    13     1    15
   524     5     2     1     6
   525     5    16     1    19
   526     2    13     1    19
   527     5     4     1    16
   528     1    19     1     8
   529     5    18     1    11
   530     2    16     0     0
   531     2    14     1    16
   532     1    16     1     4
   533     5    20     0     0
   534     2     2     1     9
   535     1    15     1    11
   536     5     8     0     0
   537     5    14     1     3
   538     2     4     1    16
   539     5    16     1     8
   540     4     4     1    15
   541     2    14     1     2
   542     4     9     1    19
   543     4    12     1     3
   544     5     4     1     2
   545     3     3     1     7
   546     2    12     1    13
   547     1    17     0     0
   548     3    16     1    10
   549     3     3     0     0
   550     5     6     1     3
   551     3    16     1     0
   552     4     9     1     5
   553     3     6     1     9
   554     3     4     1     2
   555     3    20     1     6
   556     4     9     1    10
   557     2    19     1    16
   558     1    12     1    19
   559     1    17     1    15
   560     5    12     1     8
   561     1    11     1    12
   562     2     4     1    15
   563     3    10     0     0
   564     5    19     1    17
   565     4    14     0     0
   566     4    11     1     2
   567     2    12     0     0
   568     4     2     1     7
   569     3    19     1     2
   570     4    11     1     8
   571     3    16     1     8
   572     2     3     1    19
   573     4    19     1    17
   574     2     8     1     5
   575     1    14     1    10
   576     2     6     1     4
   577     3     4     1     9
   578     5    10     1    14
   579     5    11     1     4
   580     5    19     1     3
   581     3    14     0     0
   582     2     8     1     9
   583     4    19     1    12
   584     5    14     1     2
   585     4     4     1    10
   586     3     1     1    12
   587     2     1     1    16
   588     2    19     0     0
   589     1     9     1    19
   590     1    18     1     2
   591     3     3     0     0
   592     1     3     1     1
   593     2     9     1    17
   594     3    19     1     9
   595     1    10     1    19
   596     2     4     0     0
   597     4    12     1    12
   598     1    13     1     7
   599     1     9     1    10
   600     1    18     1    16
   601     5     4     0     0
   602     4    18     1    10
   603     5    14     1     3
   604     2    11     1     7
   605     3    12     1    10
   606     3     1     1     6
   607     4     2     1     5
   608     2    12     1     1
   609     1    10     1     3
   610     1    19     1    15
   611     2     8     1     7
   612     5     5     1    18
   613     1    11     1    18
   614     1     1     1    19
   615     3    19     0     0
   616     4    16     1    14
   617     3    14     1     1
   618     2    19     0     0
   619     4    17     1    17
   620     2     1     1    18
   621     4    16     1     6
   622     2    15     1    13
   623     4    14     1    13
   624     4    18     1    10
   625     2    15     1     7
   626     4    10     1    19
   627     3    10     1     9
   628     1    19     1    16
   629     5     4     1    11
   630     5     2     1     5
   631     3    17     1     4
   632     2    14     1     3
   633     5    13     1     8
   634     5    11     1    14
   635     1     8     1     4
   636     5    15     1     6
   637     4    10     1     9
   638     5     8     0     0
   639     4     5     1     6
   640     5     4     1    12
   641     1    11     1    15
   642     2     7     1     9
   643     3     4     1    10
   644     1     7     1     1
   645     4     3     1     2
   646     5     6     1    12
   647     1     9     1     9
   648     4     4     1     5
   649     1     6     1     1
   650     1     1     1    13
   651     5    12     1    16
   652     5     2     1    10
   653     5    11     1    11
   654     1    16     1     2
   655     1    19     1    12
   656     3    19     1     2
   657     3    13     1     7
   658     2     4     1    15
   659     5    19     1     5
   660     5    20     1    12
   661     1     3     1    13
   662     1    19     1     2
   663     4     4     1     5
   664     5     2     1     2
   665     5    17     1    19
   666     4     2     1     3
   667     3    16     1     1
   668     1     2     1     2
   669     4    16     1    16
   670     3     8     1     4
   671     5    20     1    18
   672     4     9     1    19
   673     3     2     1     4
   674     4    16     1     9
   675     2    16     1    16
   676     3    20     0     0
   677     3    14     1     9
   678     4     8     1     4
   679     5    15     1     5
   680     4    11     1     9
   681     5    10     1     3
   682     1     1     1    13
   683     1    13     1     7
   684     3    18     1     4
   685     1    15     1     1
   686     1    15     0     0
   687     3    19     1    18
   688     2     5     1    16
   689     5    10     1     7
   690     4     9     1     2
   691     4     1     1    18
   692     1     5     1    16
   693     4    13     1    14
   694     3    20     1     0
   695     3    15     1     1
   696     4     3     1     1
   697     5     7     1     9
   698     4     9     1    13
   699     2     5     1     2
   700     3     1     1     0
   701     4    19     1    13
   702     4    12     1    15
   703     2     2     1    11
   704     5    12     1    10
   705     5     8     1     4
   706     2     2     1    18
   707     2    11     1    12
   708     1     1     1    12
   709     3    17     1    13
   710     2    12     1     8
   711     3     2     1     3
   712     5     8     1    11
   713     4    13     0     0
   714     5    13     1    14
   715     1     1     1     2
   716     5     8     1     0
   717     2    12     1     7
   718     5     4     1     9
   719     2     8     1    12
   720     1    20     1     2
   721     4     1     1     5
   722     2    20     1     7
   723     5     3     1     5
   724     2     9     1    14
   725     2    14     0     0
   726     5    12     1     7
   727     2    19     1     0
   728     4     8     1    16
   729     3     3     1     3
   730     1     8     1    10
   731     3     4     1    14
   732     2    18     1     0
   733     2    13     1    14
   734     2    14     1    15
   735     1    13     0     0
   736     2    17     1     3
   737     3    10     1     5
   738     3    15     1     1
   739     4     5     1     8
   740     4    18     0     0
   741     4     5     1     6
   742     3     2     1    11
   743     3    12     1     3
   744     2    12     1    10
   745     4    10     1     0
   746     5    18     1    14
   747     1     2     1     7
   748     4    14     1    13
   749     2     4     1    16
   750     4     8     1     2
   751     1    18     1     7
   752     1     7     1    11
   753     3     6     1    18
   754     2     8     1    12
   755     2    18     1    13
   756     2     1     0     0
   757     1    16     0     0
   758     1    18     1     6
   759     5    10     1     4
   760     4    11     1    19
   761     5     8     1    19
   762     5    17     0     0
   763     2    14     1    10
   764     4     7     1    14
   765     3     1     1    14
   766     4     7     1    11
   767     4    20     1     1
   768     4     7     1     5
   769     1    10     1     0
   770     4     3     1     6
   771     4    20     1     7
   772     4    10     1     0
   773     1     7     1     9
   774     3    18     1    13
   775     1    19     1     3
   776     4     7     1     0
   777     5    18     1    12
   778     3    12     1    17
   779     3    13     1    10
   780     4    17     0     0
   781     5     9     1     6
   782     5     1     1     9
   783     1    14     1     2
   784     5     8     1    14
   785     1    14     1    13
   786     4     5     1    15
   787     3     2     1     9
   788     4     9     1    11
   789     5    16     1    13
   790     1     3     1    17
   791     3     1     1     0
   792     1    19     1    14
   793     1    11     1    15
   794     3     4     1     7
   795     5    12     1    14
   796     1    14     1     1
   797     1     9     1     0
   798     1    12     0     0
   799     3    16     1     0
   800     5     1     1    14
   801     4    20     1    16
   802     3     3     1    11
   803     3     5     1     8
   804     2    11     0     0
   805     3     2     1    19
   806     3     5     1    15
   807     5    11     1     6
   808     4     2     1     3
   809     2     1     1    18
   810     5     4     1     9
   811     4    15     1    19
   812     5     7     1    17
   813     3     3     1    12
   814     4    13     1     3
   815     4     9     1    17
   816     4     9     1    13
   817     1     2     1    10
   818     4    17     1     5
   819     4    10     1    13
   820     1     5     1     5
   821     1    14     1     0
   822     4    15     1     5
   823     4     2     1    16
   824     1    13     1     1
   825     2    16     0     0
   826     2     8     1     3
   827     4    14     1    11
   828     4     3     1    19
   829     5    13     1    10
   830     2    15     1     6
   831     2    12     1     8
   832     3    20     1     4
   833     4    16     1    14
   834     3     8     1     5
   835     2     7     1     0
   836     3    11     1    18
   837     2    18     1     2
   838     1    12     1     3
   839     1    17     1     4
   840     2     9     1    15
   841     4     6     1     3
   842     3    19     1    16
   843     5     7     1     6
   844     4     3     1     0
   845     1    19     1    10
   846     1    14     1    13
   847     5    17     1    10
   848     2     2     1     5
   849     4     5     1    15
   850     4    15     1     7
   851     3     1     1     1
   852     1    15     0     0
   853     1     8     1    12
   854     4    18     1     3
   855     4    14     1    11
   856     1     9     1     8
   857     1    13     1    14
   858     4    14     1     7
   859     2     7     1     4
   860     4    12     1     5
   861     5    17     1     7
   862     2    20     1     6
   863     3     7     1     7
   864     2    13     1    19
   865     5    18     1     8
   866     3     5     1     8
   867     2    17     1     0
   868     5    19     1    19
   869     5    15     1    19
   870     5    15     1     3
   871     3    12     1    14
   872     4    12     1    10
   873     3     4     1     4
   874     3     7     1     8
   875     3    18     1     8
   876     3     9     1     2
   877     2    10     1    17
   878     5     5     1     3
   879     1    12     1    12
   880     4    11     1    10
   881     4    15     1    14
   882     5    14     1    18
   883     1    14     1    11
   884     3     4     1     9
   885     4     6     1     0
   886     2    12     1     1
   887     4    18     1     2
   888     4     3     1     6
   889     2    10     1     5
   890     2     4     1    10
   891     3    17     1     6
   892     1    14     1     0
   893     5     4     1     5
   894     4    10     1    14
   895     1     8     1     4
   896     2    18     1    15
   897     3     7     1    18
   898     5    12     1    18
   899     1    16     0     0
   900     3    10     1    10
   901     3     3     1    12
   902     2    18     1    16
   903     1     6     1    11
   904     3    12     1    15
   905     4    13     1    16
   906     4    12     1    18
   907     2    20     1    16
   908     2     3     1     8
   909     2     7     1    17
   910     4    20     1     9
   911     1     6     1     2
   912     2    20     1    11
   913     3     6     1     6
   914     5    15     1     9
   915     2     2     1     5
   916     2     1     1    15
   917     1    18     1     5
   918     2     9     1     3
   919     3    11     1    15
   920     3    14     0     0
   921     5    10     1    15
   922     4    11     0     0
   923     5    18     1    14
   924     5    18     1    19
   925     3    14     1     2
   926     4    12     1    17
   927     4     1     1     3
   928     3     9     0     0
   929     4     9     1    12
   930     3     5     1     1
   931     5     4     1    12
   932     1     8     1    10
   933     1    16     1    15
   934     3    18     1    14
   935     4    14     1     6
   936     5    15     1     9
   937     3     5     1    12
   938     5     3     1    13
   939     3    14     1     0
   940     3    14     1     2
   941     1    18     1     6
   942     2    18     1    16
   943     3    20     0     0
   944     4     6     1     4
   945     3     6     1    15
   946     4    19     1     8
   947     1     3     1     6
   948     3    14     1     5
   949     2    10     1    14
   950     1    20     1     9
   951     3    20     1    16
   952     2     8     1    13
   953     3    13     1     9
   954     2    11     0     0
   955     5    16     1     3
   956     2     5     1    17
   957     2    14     1    11
   958     5    18     1     0
   959     1     6     1    18
   960     4     7     1     8
   961     2     6     1     0
   962     2    11     1     7
   963     4    17     1     0
   964     4     5     1     0
   965     1     5     1     6
   966     2    11     1     6
   967     4    17     1     6
   968     3    19     1    14
   969     1    12     0     0
   970     3    19     1    17
   971     1     8     1    14
   972     2     3     1    19
   973     2    16     1    14
   974     1     7     1    16
   975     3    20     1    12
   976     2     5     1    10
   977     4    13     1     1
   978     1     1     1    16
   979     2     8     1     8
   980     1    13     1    18
   981     5     8     1     7
   982     3    16     1     9
   983     2     3     1    16
   984     2     2     1     9
   985     4    17     1    17
   986     5    19     1     5
   987     4    13     1    16
   988     2    20     1     7
   989     2    14     1     0
   990     2     9     1     9
   991     4    20     1    11
   992     4     5     1    12
   993     5    20     1    14
   994     4    20     1     9
   995     1     3     1    16
   996     3    13     1    11
   997     4    11     1    15
   998     3     5     1    19
   999     2     9     1    14
  1000     4     2     1     8
  1001     5    17     1    13
  1002     2     6     1    15
  1003     5    13     1    16
  1004     5     7     1     4
  1005     1    15     1    16
  1006     3     6     1    11
  1007     2     6     1    11
  1008     5     1     1    16
  1009     4     5     1     5
  1010     3     3     1    15
  1011     2    13     1     6
  1012     1     4     1     1
  1013     2    14     1     9
  1014     1     6     1     5
  1015     1    17     1    13
  1016     4    13     1    16
  1017     1    17     1    10
  1018     1    16     1    10
  1019     1    17     1     0
  1020     5    10     1    10
  1021     3     7     1     4
  1022     1    18     1     6
  1023     2     9     1     1
  1024     1    11     1     1
  1025     4    19     1    13
  1026     1     1     1     7
  1027     1     6     1     5
  1028     2    14     0     0
  1029     3    10     1     3
  1030     3    10     1    19
  1031     4     1     1     5
  1032     2    12     1     3
  1033     4     8     1    16
  1034     3    12     1     4
  1035     2    12     1    18
  1036     3    16     1    17
  1037     4     5     1    10
  1038     2     6     0     0
  1039     1     7     0     0
  1040     3     3     1    14
  1041     5    11     1     0
  1042     2     7     1    16
  1043     4    12     1    15
  1044     1    16     1     8
  1045     5    20     1     1
  1046     3    18     1     9
  1047     3    12     1     2
  1048     5    18     1    19
  1049     1     1     1     4
  1050     3    16     1     5
  1051     2    20     1     8
  1052     5    10     1    19
  1053     4     8     1     6
  1054     5    16     1     4
  1055     3    15     1     8
  1056     2     6     1    14
  1057     5     9     1     7
  1058     4     5     1    17
  1059     3    16     1     3
  1060     4    18     1    16
  1061     1    14     1    10
  1062     3     5     1     8
  1063     1    15     1    16
  1064     2    16     1    11
  1065     1    16     0     0
  1066     5    19     1    10
  1067     4     2     1     2
  1068     4    11     1     1
  1069     5     2     0     0
  1070     4    13     1     2
  1071     3     9     1    18
  1072     3     6     1     2
  1073     2    15     1     4
  1074     4     8     0     0
  1075     1     5     1    17
  1076     4     9     0     0
  1077     1     7     1    12
  1078     2    19     1     2
  1079     2     7     1     4
  1080     4    11     1    10
  1081     1    12     0     0
  1082     1     9     0     0
  1083     2     4     1    12
  1084     4     5     1     7
  1085     3     4     1    19
  1086     2    17     1    12
  1087     2     4     1    15
  1088     2    17     1    19
  1089     4     6     1     6
  1090     5    16     1     7
  1091     1    11     1    15
  1092     5    14     0     0
  1093     4    18     1     1
  1094     1     3     1    19
  1095     1    14     1    15
  1096     4     7     1     8
  1097     1    13     1     0
  1098     3    17     1    19
  1099     2    13     1    18
  1100     4    17     1    11
  1101     2     8     1     2
  1102     1     3     1    19
  1103     3    18     0     0
  1104     1    15     1     0
  1105     4    12     0     0
  1106     1    12     1    13
  1107     1    17     1    15
  1108     1    17     1    12
  1109     4     7     1    15
  1110     3    16     1    16
  1111     2    18     1     6
  1112     5     6     1     8
  1113     1     1     1    14
  1114     3    13     1     6
  1115     1    11     1    19
  1116     5    14     1    17
  1117     2     6     1     9
  1118     5     9     1     2
  1119     4     2     0     0
  1120     3    14     1     8
  1121     1    10     1     9
  1122     4    12     1    19
  1123     2    13     1     6
  1124     4    11     1    19
  1125     1    11     1    16
  1126     4     7     1    13
  1127     4    12     1    13
  1128     2    14     1     2
  1129     3    18     1    13
  1130     2    16     1    13
  1131     2    11     1     5
  1132     2    14     1    12
  1133     5    20     1    13
  1134     1     6     1     4
  1135     3    12     1    19
  1136     5    17     1    12
  1137     3    14     1    10
  1138     5    18     1     9
  1139     1     7     1    19
  1140     4    16     1     1
  1141     4    10     1    11
  1142     4    15     1     3
  1143     5    17     1    11
  1144     1     3     1    17
  1145     1    15     1     3
  1146     4    16     1     3
  1147     2     4     1     0
  1148     1     1     1     5
  1149     3    19     1    17
  1150     2     1     1    16
  1151     4    13     1     2
  1152     3     1     1    14
  1153     3    15     1     4
  1154     5    15     1    10
  1155     1    16     1     7
  1156     3    12     1     0
  1157     4     9     1     0
  1158     5    12     1     7
  1159     4     7     1    19
  1160     4     1     1    14
  1161     2     8     1    14
  1162     1    12     1    18
  1163     5    10     1    16
  1164     5    11     1    12
  1165     5     2     1     4
  1166     4    20     1     7
  1167     3     7     1     7
  1168     5     4     1    14
  1169     1     5     1     9
  1170     4    17     1    12
  1171     2    18     1     8
  1172     2     9     1    14
  1173     4    16     1    16
  1174     3    17     1     9
  1175     3     5     1     9
  1176     2     7     1     2
  1177     1    17     1    12
  1178     5    16     1     4
  1179     5     4     1    19
  1180     3     2     1    13
  1181     3    14     1     0
  1182     1    15     1     1
  1183     3     9     1     6
  1184     1    12     1     9
  1185     3    18     1     8
  1186     5     3     1    17
  1187     2     4     0     0
  1188     3    10     1    19
  1189     5     3     1     2
  1190     5    15     1    14
  1191     4    15     1     3
  1192     5    13     1    13
  1193     4     8     1    13
  1194     3    16     1     1
  1195     5    20     1     7
  1196     2    13     1    12
  1197     3     9     1    11
  1198     1    16     1    16
  1199     3    17     1     9
  1200     1    17     1     0
  1201     2     7     1     5
  1202     5    12     1    18
  1203     5     5     1    13
  1204     3     5     1    12
  1205     1    12     1     4
  1206     5    16     0     0
  1207     2     9     1     4
  1208     2    10     1    19
  1209     3     4     1    12
  1210     3    20     1     7
  1211     1    11     1    19
  1212     4    20     1     0
  1213     2    19     0     0
  1214     2     9     1     5
  1215     1    11     1    16
  1216     1    16     1     6
  1217     3    20     1     2
  1218     1    17     1     5
  1219     3    13     1     5
  1220     5    19     1    12
  1221     4    17     1    18
  1222     4     6     1     9
  1223     5     3     1     9
  1224     4     8     1     3
  1225     2     4     0     0
  1226     2     7     1     4
  1227     1     9     1     7
  1228     2     7     0     0
  1229     1    13     0     0
  1230     3    14     1     8
  1231     3    20     1     8
  1232     1    19     1     7
  1233     3    15     1     9
  1234     3    11     1    15
  1235     1    12     1    10
  1236     1     6     1    14
  1237     3    18     1     2
  1238     4    14     1    19
  1239     3     9     1     6
  1240     1    10     0     0
  1241     2    20     1     6
  1242     1    12     1    13
  1243     5    18     1    16
  1244     5    11     1     5
  1245     1    15     1    14
  1246     3    11     1    17
  1247     4    14     1    17
  1248     1     6     1    11
  1249     3    17     1    12
  1250     5    17     0     0
  1251     4     6     1     7
  1252     2     2     1    19
  1253     2     6     1    18
  1254     3     9     1    10
  1255     3    20     0     0
  1256     1    19     1    16
  1257     3    10     1    19
  1258     4     4     1    15
  1259     3    11     1     2
  1260     1    18     1    15
  1261     2     4     1    18
  1262     1     6     1    18
  1263     1     2     1     4
  1264     1     7     1    17
  1265     2    19     1    16
  1266     4    14     1    13
  1267     1    10     1     1
  1268     2    20     1     3
  1269     5    12     1     2
  1270     2    11     1     0
  1271     5     4     1     7
  1272     4     1     1     6
  1273     4     4     0     0
  1274     2    19     1     3
  1275     5    19     1    10
  1276     1    17     1     8
  1277     5     7     0     0
  1278     1    10     1     1
  1279     3     6     1    18
  1280     4    15     1     1
  1281     3     1     1    15
  1282     2    19     1     0
  1283     1    14     1    13
  1284     3     6     1    10
  1285     2     2     0     0
  1286     5     9     1    19
  1287     1    14     1    11
  1288     2    18     1    11
  1289     2    10     1     4
  1290     3     8     0     0
  1291     4    17     1    19
  1292     3     1     1     3
  1293     2    12     1    19
  1294     5    16     1     3
  1295     1     7     1     4
  1296     4    10     1     4
  1297     1     6     0     0
  1298     4    18     1    12
  1299     5    14     0     0
  1300     1     9     0     0
  1301     4    11     1     5
  1302     5     1     1    18
  1303     5     9     1     7
  1304     3     9     0     0
  1305     5     1     0     0
  1306     1    13     0     0
  1307     5    16     1     2
  1308     2     7     1     4
  1309     2    17     1    12
  1310     4    19     1    12
  1311     3     7     1    12
  1312     2    17     0     0
  1313     3     7     0     0
  1314     1     6     1     8
  1315     5    15     1     9
  1316     2     4     1    18
  1317     5     2     1    15
  1318     1    15     1    19
  1319     3     5     0     0
  1320     1    18     1     0
  1321     5     5     1    15
  1322     1    10     1     8
  1323     5     5     1    15
  1324     2    11     1    19
  1325     5    16     1     7
  1326     1    15     1    16
  1327     1    13     1     2
  1328     3    14     1    15
  1329     5     6     1     8
  1330     5     8     1    10
  1331     4    15     1    12
  1332     1    19     1    16
  1333     1     3     1    19
  1334     2    14     1     9
  1335     4    14     1    12
  1336     1     7     1     0
  1337     2     2     1     7
  1338     1     6     1     1
  1339     3     3     1    11
  1340     1    16     1     3
  1341     4    12     1    15
  1342     3    13     1     7
  1343     2    13     1     8
  1344     1    10     1    19
  1345     4    12     1     1
  1346     5     4     0     0
  1347     5     9     1    13
  1348     3    19     1    13
  1349     5    19     1    10
  1350     4     4     1     1
  1351     1    19     1     7
  1352     2     7     0     0
  1353     5     1     1     3
  1354     2    15     1     0
  1355     2    16     1    10
  1356     5     3     1    10
  1357     1    13     1     2
  1358     4     9     1     0
  1359     1     4     1    19
  1360     3     4     1     4
  1361     5     9     1    18
  1362     1    20     1    13
  1363     1     8     1    11
  1364     3     5     1     8
  1365     2    14     1     8
  1366     4     6     1    10
  1367     5     7     1    15
  1368     5    19     1     3
  1369     2    18     0     0
  1370     4    11     1    16
  1371     5     7     1    15
  1372     3    13     1     1
  1373     3     9     1     9
  1374     5     3     1     6
  1375     5    16     0     0
  1376     2    13     1     2
  1377     4     2     1     1
  1378     1    13     1     1
  1379     1    14     1     5
  1380     1    11     1    10
  1381     2    17     1    14
  1382     5    11     1    12
  1383     1    12     1    10
  1384     3     2     1    11
  1385     2     4     0     0
  1386     4    13     1     6
  1387     5    13     1     5
  1388     3     2     1    15
  1389     1     6     1     7
  1390     3     4     1    13
  1391     1    20     1    14
  1392     5    10     1     0
  1393     1    12     1     4
  1394     1    17     0     0
  1395     2    20     1     3
  1396     3     1     1    16
  1397     1     9     1     7
  1398     5    12     0     0
  1399     3    17     1    10
  1400     5     6     1     9
  1401     2    12     1     7
  1402     1     2     1     9
  1403     4     5     1     4
  1404     5    11     1    17
  1405     5    12     1     5
  1406     1    20     1     8
  1407     2    13     1     0
  1408     5     7     1     8
  1409     4     5     1     5
  1410     2    14     1     1
  1411     5     8     1    14
  1412     2    15     1     1
  1413     5     9     1    16
  1414     2     1     1    17
  1415     5    10     1     4
  1416     2     5     0     0
  1417     3    17     1     2
  1418     4     7     1    13
  1419     4    20     1     7
  1420     4    18     1    14
  1421     2    14     0     0
  1422     4    13     0     0
  1423     3    14     1    13
  1424     3     6     1     0
  1425     3     7     0     0
  1426     4     7     1    19
  1427     5     4     1    13
  1428     4    11     0     0
  1429     3    11     1     2
  1430     4     8     1     1
  1431     1    20     1    18
  1432     2    19     1    18
  1433     4    19     1    17
  1434     3     2     1    16
  1435     3     1     1     3
  1436     5     2     1    12
  1437     3    12     1    13
  1438     1     2     1     0
  1439     4    12     1    14
  1440     5    16     0     0
  1441     1    16     1    10
  1442     4    20     0     0
  1443     3    13     1    10
  1444     1    20     1     9
  1445     2    12     1     3
  1446     3    10     0     0
  1447     3    15     1    17
  1448     3     2     1    16
  1449     3    18     1    11
  1450     3     6     1     5
  1451     4    15     1    18
  1452     1     9     1     9
  1453     3    13     1    19
  1454     3    13     1    15
  1455     3     8     1    16
  1456     1     3     1     3
  1457     1     8     1     5
  1458     5    18     1    11
  1459     1    14     1    12
  1460     4    17     1    15
  1461     2    10     1    18
  1462     5    13     1    18
  1463     4    15     1     8
  1464     2    12     1     3
  1465     2    15     1     7
  1466     1    20     1     1
  1467     1    16     1    12
  1468     2     8     1     7
  1469     5    15     1    12
  1470     5    10     1    17
  1471     5    13     1     9
  1472     2     8     1     9
  1473     5    17     1     7
  1474     3     4     1     2
  1475     5     8     1    12
  1476     2     7     1    17
  1477     5    13     1     5
  1478     2     5     1    15
  1479     4    13     1     2
  1480     5     3     1    17
  1481     5    16     1    14
  1482     3    20     0     0
  1483     3     6     1    11
  1484     5    11     1    17
  1485     1    20     0     0
  1486     4     9     1     8
  1487     1    15     1    11
  1488     5    18     1     9
  1489     2    15     1    10
  1490     2     1     1    13
  1491     2     2     1     6
  1492     1     4     1     6
  1493     4    15     1     5
  1494     3     7     0     0
  1495     5    14     0     0
  1496     2    20     1    16
  1497     4    16     1    18
  1498     1    11     1     5
  1499     2     5     1     2
  1500     1     6     1     1
  1501     4     7     0     0
  1502     4    11     1    14
  1503     4    18     0     0
  1504     5     3     1     2
  1505     3     9     1    12
  1506     4    16     1     2
  1507     3    13     1     0
  1508     4    20     1    10
  1509     2     6     1    14
  1510     1    20     1     2
  1511     2    20     0     0
  1512     4     6     1     8
  1513     4    20     1    16
  1514     5    12     1     2
  1515     1    18     1    17
  1516     4    12     1     3
  1517     4     6     1     7
  1518     3    16     1    15
  1519     4    13     1    10
  1520     4     2     1     3
  1521     4     6     1    15
  1522     3    20     1    12
  1523     5     5     1     6
  1524     5     3     1    18
  1525     1    13     0     0
  1526     2    13     1     2
  1527     5    18     1     8
  1528     4    18     1    15
  1529     5     6     1     1
  1530     1     1     1     1
  1531     4     8     1     7
  1532     2    11     1    17
  1533     5     4     1     0
  1534     4    15     1     9
  1535     2     6     1     8
  1536     1    14     1    16
  1537     5    14     1     4
  1538     4    12     1    10
  1539     3     5     1    14
  1540     5     4     1    17
  1541     2     6     1     3
  1542     3     9     1     9
  1543     3    10     1     7
  1544     1    11     1     9
  1545     4     5     1    12
  1546     2    14     1     0
  1547     3     3     1     0
  1548     5     3     0     0
  1549     5    15     1     0
  1550     2     7     1     6
  1551     2     4     1    14
  1552     1     9     1     7
  1553     5     5     1     6
  1554     3     6     1    10
  1555     3    14     1    12
  1556     3     4     1     8
  1557     5     4     1     7
  1558     1     6     1    19
  1559     1     9     1     7
  1560     1    15     1     0
  1561     4    19     1    17
  1562     4    13     1     5
  1563     2     1     1     2
  1564     5     7     1     4
  1565     3    18     1    19
  1566     2    11     1     6
  1567     2    16     0     0
  1568     3     6     1    18
  1569     5    12     1     2
  1570     1     3     1     3
  1571     1     3     1    16
  1572     1    10     1    15
  1573     2    17     1    14
  1574     3    15     1     2
  1575     2    10     1     1
  1576     2     5     1     1
  1577     3    16     1     5
  1578     3    10     0     0
  1579     4    14     1     9
  1580     3     5     1     2
  1581     1    16     1     6
  1582     3     9     1     1
  1583     3     7     1     9
  1584     2     5     1    14
  1585     2    19     1    13
  1586     4     5     1     4
  1587     2    15     1    16
  1588     4     9     0     0
  1589     2     2     1     6
  1590     5     1     1     8
  1591     2     2     1     5
  1592     4    14     1     9
  1593     1    19     1    19
  1594     4     9     1    14
  1595     3    11     1    16
  1596     4    10     1    16
  1597     5     9     1     5
  1598     2     8     0     0
  1599     1     8     1     2
  1600     2    10     1     3
  1601     1     3     1    12
  1602     4     4     1    11
  1603     1    13     1    10
  1604     5    10     1    16
  1605     1     7     1     3
  1606     5    19     1    18
  1607     4     4     1    11
  1608     4    18     1     7
  1609     5    11     1     1
  1610     5     5     1    12
  1611     5    14     0     0
  1612     2     4     1     8
  1613     4    18     1    17
  1614     2     3     1    19
  1615     1     9     1     8
  1616     2    11     1    18
  1617     2     7     1     1
  1618     5    11     1     7
  1619     5    11     1     3
  1620     5    15     1     4
  1621     4     9     1     0
  1622     3     5     1    13
  1623     3    11     1     6
  1624     5    17     1    17
  1625     3    18     1    12
  1626     1     6     1    17
  1627     2    15     1    10
  1628     2     3     1    13
  1629     2     7     1    16
  1630     4    15     1     1
  1631     1    15     1     4
  1632     4    10     1    17
  1633     5     8     1     3
  1634     5    13     1     9
  1635     1    20     1     1
  1636     2     9     1     6
  1637     1     7     1    10
  1638     5     5     1    19
  1639     4     7     1    13
  1640     2     4     0     0
  1641     3    16     1     7
  1642     5     6     1    13
  1643     2    17     1    15
  1644     4     4     1    17
  1645     2    12     1     3
  1646     1     8     0     0
  1647     2     8     1    16
  1648     1     2     1    19
  1649     5     2     1    12
  1650     5    16     1    10
  1651     5    17     1    12
  1652     4    20     1    10
  1653     1     9     1     8
  1654     1    18     0     0
  1655     5    18     1     3
  1656     5     3     1    14
  1657     1     3     1     9
  1658     5     7     1     8
  1659     4    20     1    19
  1660     4     3     0     0
  1661     2    11     1    18
  1662     1    14     1     2
  1663     5    10     1    15
  1664     3    10     1    12
  1665     5     1     0     0
  1666     2     8     1     2
  1667     2    14     1    13
  1668     2    12     1    14
  1669     2     3     1     2
  1670     2     1     1     8
  1671     5     6     1    10
  1672     3    15     0     0
  1673     5     3     1    13
  1674     1     9     1     4
  1675     2    19     1     1
  1676     3     9     1    12
  1677     1    11     1    15
  1678     4    11     1    11
  1679     5     6     1     7
  1680     5     1     1     9
  1681     1     9     1     0
  1682     4     2     1     3
  1683     5     3     1    14
  1684     2     6     1    18
  1685     3     1     1     8
  1686     3     2     1     0
  1687     2     3     1    12
  1688     1    17     1     6
  1689     3    18     1     1
  1690     5     8     1     5
  1691     2     4     0     0
  1692     4    10     1     4
  1693     2     7     1     7
  1694     2    11     1    18
  1695     4    14     1     2
  1696     2    14     1    15
  1697     5     6     1     4
  1698     5    18     1     4
  1699     4    13     1     4
  1700     1    18     1     9
  1701     3     1     1     1
  1702     4    17     1     0
  1703     4    14     1    11
  1704     4    13     1    14
  1705     5    17     1    14
  1706     5    13     1     1
  1707     5    11     0     0
  1708     5    16     1     5
  1709     2    18     1     3
  1710     2     7     1     3
  1711     1    14     1     2
  1712     5    14     1     2
  1713     1    20     1     7
  1714     2     4     1    11
  1715     1    16     1     1
  1716     5     1     1     4
  1717     4    19     1    18
  1718     4    19     1    15
  1719     1     3     1     0
  1720     2     6     1     4
  1721     2    13     1     5
  1722     1     5     1    14
  1723     5    13     1    16
  1724     5     2     1    10
  1725     2    13     1    13
  1726     5     1     1     7
  1727     1    10     1     0
  1728     2    18     1     3
  1729     5     2     1    15
  1730     4    15     1    17
  1731     1     5     1    11
  1732     4     7     1    17
  1733     2    16     1    11
  1734     1    13     1     0
  1735     2     1     1    13
  1736     5    14     1     1
  1737     4     8     1     0
  1738     1    10     1     1
  1739     3    11     1     4
  1740     3    11     0     0
  1741     2    19     1     1
  1742     2    19     1     3
  1743     4    16     1    12
  1744     4     4     1     5
  1745     5    11     1     2
  1746     5    16     1     8
  1747     1     2     1     7
  1748     2     8     1     9
  1749     5    14     1     0
  1750     1     5     1     0
  1751     4    12     1    17
  1752     5     5     1     4
  1753     3    20     0     0
  1754     3    20     1     7
  1755     1     6     1     4
  1756     5     3     1    15
  1757     2     3     1     4
  1758     4    14     1    11
  1759     5     5     1     3
  1760     1     6     0     0
  1761     2    12     1    13
  1762     2     7     1    10
  1763     5     7     1     2
  1764     5     7     1    11
  1765     5     7     1    19
  1766     4     8     1     3
  1767     1     1     1    14
  1768     2    14     1     7
  1769     4     8     1     4
  1770     3    19     0     0
  1771     5    12     1    15
  1772     4    14     1    12
  1773     2    20     1    11
  1774     3     2     1    12
  1775     2     4     1    16
  1776     1     2     1     3
  1777     1     9     1    13
  1778     3     3     1    17
  1779     5    13     1    16
  1780     2     3     1     0
  1781     1    19     0     0
  1782     1     6     1     8
  1783     2     3     1    13
  1784     1     3     0     0
  1785     1     5     1    19
  1786     2     6     1     9
  1787     3    15     1    19
  1788     5    11     1    17
  1789     3     6     1    10
  1790     4     9     0     0
  1791     5     5     1     3
  1792     1     5     1    18
  1793     2    12     1     7
  1794     4    10     1     0
  1795     1     5     1    16
  1796     1    19     1     7
  1797     4     8     1    12
  1798     2    18     1    16
  1799     5     5     1    13
  1800     2     2     1     9
  1801     1     6     0     0
  1802     3     4     1    16
  1803     5    19     1     1
  1804     4     7     0     0
  1805     1    10     1     4
  1806     4     8     1     9
  1807     5    19     1    18
  1808     1     3     1     5
  1809     4    12     1     7
  1810     4    11     1     2
  1811     3    12     1    10
  1812     3    17     1     8
  1813     4     7     1     4
  1814     1    14     1    17
  1815     4    19     1    10
  1816     4     6     1    19
  1817     4     2     1     0
  1818     5     4     1     5
  1819     3    14     1     4
  1820     5    15     0     0
  1821     1    20     1     8
  1822     2     6     1     2
  1823     4    16     1     7
  1824     5     2     0     0
  1825     1     1     1    13
  1826     2     6     1     9
  1827     2     2     1    19
  1828     2     8     1    19
  1829     5     8     1     0
  1830     4    13     0     0
  1831     4     9     1    15
  1832     5     5     0     0
  1833     4    18     1    19
  1834     1    10     0     0
  1835     2    19     1     6
  1836     5     1     1     1
  1837     3    20     1     5
  1838     5    11     1    10
  1839     1    13     1    18
  1840     1    18     1     9
  1841     4     5     0     0
  1842     2     2     1     7
  1843     2    11     1     4
  1844     4    19     0     0
  1845     2    11     1    15
  1846     4     6     1    14
  1847     3    18     0     0
  1848     4    13     1    10
  1849     2    13     1    17
  1850     1     2     1     5
  1851     4     2     1    10
  1852     4    15     1     7
  1853     1    18     1     5
  1854     1     3     1    18
  1855     1     5     1     5
  1856     5    12     1     4
  1857     3    10     0     0
  1858     3    13     1    17
  1859     3    11     1     7
  1860     2    18     1     5
  1861     2    16     1    14
  1862     4    18     1     9
  1863     3     3     1    12
  1864     1    11     1     0
  1865     4     9     1    14
  1866     4     4     1     2
  1867     3     1     1    10
  1868     5     4     1     6
  1869     4    19     1     5
  1870     2     3     1    18
  1871     5    12     1    15
  1872     2     9     1    18
  1873     3    12     1    19
  1874     3    11     1     1
  1875     3    19     0     0
  1876     1    15     1     0
  1877     1     4     1     8
  1878     1    15     1     4
  1879     5     9     0     0
  1880     5    19     1     7
  1881     1    20     1     4
  1882     5    13     0     0
  1883     4    11     1    13
  1884     1     3     1     0
  1885     3    11     1     7
  1886     5    11     0     0
  1887     2     5     1     5
  1888     2     3     1     7
  1889     1    17     1    16
  1890     4    17     1     6
  1891     2    14     1    12
  1892     5    19     1    17
  1893     2    10     0     0
  1894     2     8     1    13
  1895     4     9     1    17
  1896     5     2     1    10
  1897     2    19     1    10
  1898     4    15     1     7
  1899     4     3     1    14
  1900     4     3     1    19
  1901     4     7     1    14
  1902     2     5     1     9
  1903     4    18     1     0
  1904     2    14     1     5
  1905     2    19     1    18
  1906     3     5     1    15
  1907     4     4     1     4
  1908     4    10     1    10
  1909     2    16     1     9
  1910     5    18     1    10
  1911     5     1     1    14
  1912     2     4     1    19
  1913     4     7     1     9
  1914     5    16     1    11
  1915     1    18     1    19
  1916     3     3     1    16
  1917     5     4     1     3
  1918     5    12     1     0
  1919     2    17     1     9
  1920     1    18     1     3
  1921     4    13     1     4
  1922     1    15     0     0
  1923     5    12     1    18
  1924     1    16     1     4
  1925     4     1     1     7
  1926     3    10     1    11
  1927     5    19     1     7
  1928     5     3     1     9
  1929     5     5     1     6
  1930     4     8     1     9
  1931     2     3     1    16
  1932     3    12     1     8
  1933     2    14     1     8
  1934     5     9     1     5
  1935     5     5     1     0
  1936     2     3     1     0
  1937     3    11     1    10
  1938     2     1     1     7
  1939     1     6     1     5
  1940     5    13     1    12
  1941     5    19     1     6
  1942     2    12     0     0
  1943     5     2     1     6
  1944     1    14     1     4
  1945     2    13     1    11
  1946     2     8     1     7
  1947     3     1     1     7
  1948     3    11     1     3
  1949     3     4     1    15
  1950     2    18     1     0
  1951     5    12     1    13
  1952     1     9     0     0
  1953     4    13     1    10
  1954     2     4     1    15
  1955     5    10     1     1
  1956     1     9     0     0
  1957     4     6     1     1
  1958     2     6     1    16
  1959     3    10     1     7
  1960     1     6     1     2
  1961     3     7     1    12
  1962     3    10     1    18
  1963     2    19     1    17
  1964     5    14     1     8
  1965     4    11     1     5
  1966     2    20     1    18
  1967     5    19     1     7
  1968     4     7     1     6
  1969     4     3     1     0
  1970     4    18     0     0
  1971     5    19     1     8
  1972     2    14     1    17
  1973     4    20     1     1
  1974     5    17     1    19
  1975     1     6     1    18
  1976     2    17     1     7
  1977     4    19     0     0
  1978     1    11     1     9
  1979     3    14     1    16
  1980     1     4     1    13
  1981     5     3     1     6
  1982     1    20     1     4
  1983     5     9     1    14
  1984     5    13     1     2
  1985     3    13     0     0
  1986     5    19     1     6
  1987     3    13     1     4
  1988     4    14     1     8
  1989     5    17     1     6
  1990     4    18     1     8
  1991     3     6     1     1
  1992     3     4     1    10
  1993     5     7     1    12
  1994     3     1     1    16
  1995     2     6     1    19
  1996     2    15     1    17
  1997     3    17     1    16
  1998     5    13     1     8
  1999     5     5     0     0
  2000     3    10     1     8
